Stored integers in sorted order: 1, 1, 1, 1, 1, 2, 2, 2, 3, 3, 4, 4, 4, 5, 5, 5, 6, 6, 6, 7, 8, 9, 9, 10, 11, 11, 11, 11, 12, 12, 12, 12, 13, 13, 13, 15, 15, 16, 16, 16, 17, 18, 18, 19, 19, 19, 19, 19, 21, 21, 21, 21, 21, 22, 22, 22, 23, 23, 24, 25, 25, 26, 26, 26, 27, 28, 30, 30, 30, 30, 31, 31, 31, 31, 32, 33, 33, 34, 34, 34, 34, 35, 36, 36, 36, 37, 37, 37, 38, 38, 38, 39, 39, 39, 39, 39, 41, 42, 42, 43, 43, 43, 43, 44, 45, 45, 46, 46, 46, 47, 48, 49, 49, 50, 50, 50, 51, 52, 53, 54, 54, 54, 55, 55, 55, 55, 55, 56, 56, 58, 58, 59, 59, 60, 60, 61, 61, 62, 65, 65, 65, 65, 65, 65, 65, 67, 69, 69, 69, 70, 72, 72, 72, 72, 72, 73, 73, 74, 74, 74, 75, 76, 76, 76, 76, 76, 77, 78, 80, 81, 81, 83, 83, 85, 86, 86, 86, 86, 86, 88, 88, 90, 90, 91, 92, 93, 93, 93, 94, 95, 96, 96, 97, 98, 98, 98, 98, 98, 99, 100
Minimum Value: 1
Maximum Value: 100
Range: 99
Size: 200
Sum: 9127
Mean: 45.635
Median: 43
Mode: Mode: 65 (Frequency: 7)

Standard Deviation: 28.9285
Variance: 836.856
Midrange: 50.5
Quartiles: Q2 (Second Quartile/Median): 43
Q1 (First Quartile): 21
Q3 (Third Quartile): 71

Interquartile Range (IQR): 50
Outliers: Outliers in the dataset: No outliers found.

Sum of Squares: 166534
Mean Absolute Deviation (MAD): 24.7931
Root Mean Square (RMS): 53.9928
Standard Error of the Mean: 2.04555
Coefficient of Variation: 0.63391
Relative Standard Deviation: 63.391%
Frequencies: ELEMENT	FREQUENCY	PECENTAGE
=======	=========	==========
1	5		2.5%
2	3		1.5%
3	2		1%
4	3		1.5%
5	3		1.5%
6	3		1.5%
7	1		0.5%
8	1		0.5%
9	2		1%
10	1		0.5%
11	4		2%
12	4		2%
13	3		1.5%
15	2		1%
16	3		1.5%
17	1		0.5%
18	2		1%
19	5		2.5%
21	5		2.5%
22	3		1.5%
23	2		1%
24	1		0.5%
25	2		1%
26	3		1.5%
27	1		0.5%
28	1		0.5%
30	4		2%
31	4		2%
32	1		0.5%
33	2		1%
34	4		2%
35	1		0.5%
36	3		1.5%
37	3		1.5%
38	3		1.5%
39	5		2.5%
41	1		0.5%
42	2		1%
43	4		2%
44	1		0.5%
45	2		1%
46	3		1.5%
47	1		0.5%
48	1		0.5%
49	2		1%
50	3		1.5%
51	1		0.5%
52	1		0.5%
53	1		0.5%
54	3		1.5%
55	5		2.5%
56	2		1%
58	2		1%
59	2		1%
60	2		1%
61	2		1%
62	1		0.5%
65	7		3.5%
67	1		0.5%
69	3		1.5%
70	1		0.5%
72	5		2.5%
73	2		1%
74	3		1.5%
75	1		0.5%
76	5		2.5%
77	1		0.5%
78	1		0.5%
80	1		0.5%
81	2		1%
83	2		1%
85	1		0.5%
86	5		2.5%
88	2		1%
90	2		1%
91	1		0.5%
92	1		0.5%
93	3		1.5%
94	1		0.5%
95	1		0.5%
96	2		1%
97	1		0.5%
98	5		2.5%
99	1		0.5%
100	1		0.5%

